%% CME 433 Lab 6 Verification

a_4_4 = [
    [ 1383 886  777  915  ]
    [ 1793 335  1386 492  ]
    [ 649  1421 362  27   ]
    [ 690  59   1763 1926 ]
    ];

b_4_4 = [
    [ 540  1426 1172 1736 ]
    [ 1211 1368 567  429  ]
    [ 1782 1530 862  1123 ]
    [ 67   1135 1929 1802 ]
    ];
 
y_4_4 = a_4_4 * b_4_4




a_12_12 = [
    [ 1383 886  777  915  1793 335  1386 492  649  1421 362  27   ]
    [ 690 59    1763 1926 540  1426 1172 1736 1211 1368 567  429  ]
    [ 1782 1530 862 1123  67   1135 1929 1802 22   1058 1069 167  ]
    [ 1393	456	1011	42	229	1373	421	919	1784	537	1198	324 ]
    [ 315	370	413	1526	91	980	1956	1873	862	1170	996	1281 ]
    [ 305	925	1084	327	336	505	846	1729	1313	1857	124	1895 ]
    [ 1582	545	814	1367	1434	364	43	1750	1087	808	1276	1178 ]
    [ 1788	1584	1403	651	754	399	1932	1060	1676	1368 1739 12 ]
    [ 226	586	94	1539	795	570	1434	378	1467	601	97	902	]
    [ 1317	492	652	756	1301	280	286	1441	1865	1689	444	619 ]
    [ 440	729	31	117	97	1771	481	675	709	927	567	1856 ]
    [ 1497	353	586	965	1306	683	219	624	1528	871	1732	829 ]
    ];

b_12_12 = [
    [ 1503	19	270	1368	1708	715	340	149	1796	723	618	245	]
    [846	1451	921	1555	379	1488	1764	228	1841	350	1193	1500] 
    [1034	1764	124	914	987	1856	1743	491	227	365	1859	1936]
    [1432	551	437	1228	1275	1407	1474	121	858	395	29	1237]
    [235	1793	1818	428	143	1011	1928	1529	776	404	443	1763]
    [613	538	606	840	904	818	1128	688	1369	1917	1917	996]
    [1324	1743	1470	183	490	1499	1772	725	1644	1590	1505	139]
    [954	1786	1669	82	542	464	197	1507	1355	804	348	611]
    [1622	1828	1299	1343	1746	1568	340	1422	1311	1810	1605	1801]
    [1661	1730	878	1305	1320	736	1444	626	522	1465	708	1416]
    [282	1258	924	1637	62	1624	600	36	1452	1899	1379	1550]
    [1468	71	973	1131	1881	930	933	1894	660	163	1199	1981]
    ];

y_12_12 = a_12_12 * b_12_12

