%% CME 433 Lab 6 Verification

a = [[ 1  2  3  4   ]
     [ 5  6  7  8   ]
     [ 9  10 11 12  ]
     [ 13 14 15 16 ]];

b = [[ 1 1 1 1 ]
     [ 2 2 2 2 ]
     [ 3 3 3 3 ]
     [ 5 5 5 5 ]];
 
y = a * b
