matrixA =
1383	886	777	915	1793	335	1386	492	649	1421	362	27	
690	59	1763	1926	540	1426	1172	1736	1211	1368	567	429	
1782	1530	862	1123	67	1135	1929	1802	22	1058	1069	167	
1393	456	1011	42	229	1373	421	919	1784	537	1198	324	
315	370	413	1526	91	980	1956	1873	862	1170	996	1281	
305	925	1084	327	336	505	846	1729	1313	1857	124	1895	
1582	545	814	1367	1434	364	43	1750	1087	808	1276	1178	
1788	1584	1403	651	754	399	1932	1060	1676	1368	1739	12	
226	586	94	1539	795	570	1434	378	1467	601	97	902	
1317	492	652	756	1301	280	286	1441	1865	1689	444	619	
440	729	31	117	97	1771	481	675	709	927	567	1856	
1497	353	586	965	1306	683	219	624	1528	871	1732	829	

matrixB =

1503	19	270	1368	1708	715	340	149	1796	723	618	245	
846	1451	921	1555	379	1488	1764	228	1841	350	1193	1500	
1034	1764	124	914	987	1856	1743	491	227	365	1859	1936	
1432	551	437	1228	1275	1407	1474	121	858	395	29	1237	
235	1793	1818	428	143	1011	1928	1529	776	404	443	1763	
613	538	606	840	904	818	1128	688	1369	1917	1917	996	
1324	1743	1470	183	490	1499	1772	725	1644	1590	1505	139	
954	1786	1669	82	542	464	197	1507	1355	804	348	611	
1622	1828	1299	1343	1746	1568	340	1422	1311	1810	1605	1801	
1661	1730	878	1305	1320	736	1444	626	522	1465	708	1416	
282	1258	924	1637	62	1624	600	36	1452	1899	1379	1550	
1468	71	973	1131	1881	930	933	1894	660	163	1199	1981	

matrixC=

11427724	13978260	10458319	9795401	9218630	12105871	13638820	7495162	12007715	9869208	9655594	12087519	
14903024	16472670	11482531	11622954	13040397	15063366	14446522	9898889	13458991	13477501	13379391	15495898	
13796410	14931824	11248442	11815751	10679037	14159119	13977649	7219319	16638729	12947924	12756066	11932834	
10513640	11739327	8551951	10418334	10089226	11461577	8422476	7327725	12174041	12028726	12256488	11897918	
13900364	14500857	12218284	10395141	11424835	13405722	12620197	9993068	13848258	13016593	12083931	13162848	
14019171	14780344	11552233	10645528	12530495	12278926	12134346	11531455	11584484	10549571	12173731	15175129	
13118928	14051131	11885611	12440615	12218034	13467094	11930316	10365092	13732388	10690433	10676220	15851119	
15900081	19612050	13618569	14985645	12721190	18102032	15943035	9145678	18192554	15951980	16068190	16653255	
10661166	10682524	9215102	8242121	9256984	10707338	10600496	7790846	10066581	8875519	8788036	10849981	
13247555	14794747	11498409	11189297	12081290	12053394	11098228	10178537	12263292	11130747	10223449	14415785	
9441111	8100766	7993092	8769291	9411822	8643343	8483554	8118037	9906549	9393091	10400920	10965383	
11777817	12849087	10531859	12503010	11233469	13158565	10964769	8624489	12973390	11953677	11349757	14931030	

Dimension of matrixA: 12 x 12
Dimension of matrixB: 12 x 12
Multiplication of matrixA and matrixB need 0000.008 ms
